#    Time(s)    Temp(C)
              0	300
   1.401381e-05	303.0672
   2.802762e-05	308.5636
   4.204143e-05	319.4396
   5.605524e-05	339.3207
   7.006905e-05	372.7476
   8.408286e-05	424.2717
   9.809667e-05	496.8497
   0.0001121105	589.6553
   0.0001261243	696.2085
   0.0001401381	804.4163
   0.0001541519	899.5601
   0.0001681657	969.0736
   0.0001821795	1006.431
   0.0001961933	1012.323
   0.0002102071	993.1444
    0.000224221	958.0118
   0.0002382348	915.7655
   0.0002522486	873.033
   0.0002662624	833.6626
   0.0002802762	799.1807
     0.00029429	769.6524
   0.0003429675	694.7624
         0.0004	641.0463
